assets:
  toad-network: 5781.8576492905595
  lily-pad: 6115227221.205986
  bnb: 36.586637497880055
  busd: 6010.77131342834
  pxbsc: 29915118648.794098
  catoshi: 31911.558344776568
  gallant: 590530049247.2657
  hoge: 13513047.597388366
  ethereum: 0.17943629710114847
  bitcoin: 0.011811177066700965
  fukarens: 10797317722.179977
  bullishjackpot: 77938421363.4727
  usdc: 580.9470565152784
source: ./scripts
